# list of hand selected 2D points
SETS
761.80475125871570000000 454.33210389783426000000 789.83178864136770000000 248.50016164753256000000 1003.38722887735170000000 317.72853166793396000000 967.03143530643930000000 519.56868233348930000000
1103.83563631048760000000 563.63611539625400000000 1144.92051326592240000000 361.95172912949994000000 1351.54026592968780000000 430.12340301700493000000 1302.90635285684560000000 629.26037322697390000000
1436.45735586415840000000 672.66998940400790000000 1486.15392281851200000000 475.55213283340780000000 1685.89372098472450000000 540.43611955383160000000 1630.85567152489830000000 735.03901935066400000000
1760.30013244167440000000 776.11802036863240000000 1817.10308550413100000000 585.58344525726570000000 2009.51946538641660000000 649.32128208572710000000 1948.80941701476170000000 837.18009662117490000000
705.56586956839240000000 781.26084539390820000000 738.90040737203950000000 588.85858132938870000000 940.17471677005790000000 652.18029260034620000000 903.02519250723070000000 841.94693718032140000000
2073.91556321630920000000 877.77421713477000000000 2137.69477507630400000000 691.28713998468640000000 2323.38032351171700000000 752.76855959377960000000 2255.85970482657560000000 936.38273734775440000000
1034.77907201860440000000 883.47719469680860000000 1074.32716112259250000000 695.91575437157810000000 1271.30973329381190000000 758.57954408404030000000 1228.34231303292880000000 943.43812499152360000000
1356.60605264064040000000 983.77343123362540000000 1402.90281255965440000000 801.61785612338530000000 1594.61625438819210000000 861.27579731402670000000 1544.18768511702660000000 1042.69814713242500000000
1669.26274214272000000000 1080.75695554749090000000 1722.86860084673410000000 901.17389502126040000000 1908.92822787615680000000 961.57890859451560000000 1852.57420411601270000000 1136.67467689186060000000
654.06808187026070000000 1083.93966293091420000000 684.43059617853410000000 905.54934276496210000000 880.09910919046440000000 962.99164316506840000000 844.61957403743400000000 1140.59669156695530000000
1974.35819514637640000000 1174.17237988515920000000 2033.08088184827530000000 1000.61192733425810000000 2212.84834903886200000000 1056.04357323469300000000 2150.61057359194770000000 1229.54727718548400000000
971.97052740699560000000 1178.77510685195240000000 1008.96917358612480000000 1004.85065708887710000000 1201.44568666305000000000 1061.58031298055130000000 1159.29797509210330000000 1234.03739532508030000000
3158.02235417914300000000 1196.30961783824980000000 3274.17868418263060000000 1310.96815821379120000000 3132.86820055487120000000 1435.54652588328300000000 3015.29064082145800000000 1322.92898664704650000000
1283.60182380154650000000 1270.28501200915180000000 1327.12284970670840000000 1100.64404987052440000000 1512.32402122043440000000 1156.02253384335060000000 1466.15698449780900000000 1321.65152297850550000000
1586.25100563981640000000 1357.94541260526170000000 1634.88143041257150000000 1195.62944857199450000000 1815.24545126354860000000 1253.45274649877870000000 1763.30857548316750000000 1412.38121891263720000000
605.45638236699740000000 1365.45579956823500000000 634.35241898694820000000 1198.70946017911480000000 824.35059548654030000000 1253.98824455497630000000 788.87310335451820000000 1418.21224279566740000000
3349.49356119402860000000 1385.50939145302250000000 3458.40082155699200000000 1493.99169768341740000000 3321.24347667513700000000 1614.70244921653560000000 3209.74551008453500000000 1508.93312294993960000000
1881.19254740557880000000 1447.21026157722490000000 1935.96219211575270000000 1287.30442057680380000000 2110.31545169391300000000 1341.55519761238520000000 2051.91247522744420000000 1496.68175448304580000000
913.14752420317400000000 1452.74168824780990000000 948.19150483966250000000 1290.37459381163010000000 1134.49775970251240000000 1343.30049094902700000000 1094.72898422368550000000 1503.22527273251440000000
2922.80083116911800000000 1407.55297307539350000000 3040.66848161167200000000 1517.45922293089280000000 2906.46523640049870000000 1634.63465642655840000000 2789.69399851782870000000 1530.26129719410600000000
1215.27504650856830000000 1536.28431740029240000000 1255.91826207270580000000 1378.40680006449570000000 1435.74515897820380000000 1429.75927652726930000000 1391.57257301992720000000 1585.29286124656410000000
3529.27314186369000000000 1564.43595052054340000000 3631.60761056175200000000 1666.41900681924600000000 3495.95442486465940000000 1781.74794299834910000000 3392.09912035349630000000 1682.88268669942070000000
1508.38878644271130000000 1617.85785158584300000000 1554.92312497077700000000 1462.58682085465740000000 1728.52288562382980000000 1515.20361608594180000000 1680.76874180895770000000 1664.21214543839820000000
3117.38748123361200000000 1588.88504416269760000000 3229.41410924752700000000 1693.14835701313310000000 3096.16007590753720000000 1805.81130376686810000000 2982.33474313042050000000 1702.71057942388980000000
2702.88197001016000000000 1610.65237060131180000000 2819.06205803085870000000 1711.84899495235370000000 2694.63821988418900000000 1825.17762196009630000000 2575.87538211179800000000 1727.81847324794330000000
1794.86452660825150000000 1695.49137169311710000000 1845.80956780589580000000 1548.20392795577640000000 2013.91831824549470000000 1593.12158515524400000000 1960.64463290375150000000 1742.06657921099670000000
3698.98642124522170000000 1733.41243904593560000000 3802.66100055959350000000 1836.70317406841260000000 3664.82492545624430000000 1942.87798338738460000000 3563.26866068449770000000 1846.64215317917360000000
3301.42488338577100000000 1759.98602775592280000000 3405.43124456974400000000 1856.62584730562400000000 3273.70266850646900000000 1963.67036776684100000000 3169.37389031738440000000 1872.40158292178060000000
2895.29385684169300000000 1778.32075444870220000000 3008.81003537403560000000 1879.67146114832280000000 2882.77856065423300000000 1986.23408480329230000000 2768.93384798429720000000 1890.84573949008720000000
2492.82594441565420000000 1803.93852874468920000000 2609.57471446804100000000 1900.12433345701770000000 2489.19052691479740000000 2005.05536925483700000000 2372.05197433913550000000 1915.64790116638550000000
3473.75830094790760000000 1920.49925664842600000000 3574.04352511927500000000 2014.20988473096050000000 3446.47102475213600000000 2121.12722201518450000000 3342.40243970220130000000 2026.46987444537170000000
3082.91761064808300000000 1945.18337463261860000000 3186.89275067762670000000 2034.74790339499150000000 3065.10399609071870000000 2141.74392312170500000000 2956.29163955911000000000 2051.95984476036500000000
2686.15591849494740000000 1963.11562037666140000000 2798.40736550666450000000 2056.75547569508260000000 2678.16688056790600000000 2157.90729507241400000000 2565.20863224576000000000 2068.25582136644970000000
673.03659547804640000000 2032.36738637929780000000 648.78562765276490000000 1895.88212257591680000000 828.44943516515090000000 1899.44094381807550000000 843.24262406126350000000 2038.43981234592430000000
2293.17256854050450000000 1989.32857006618380000000 2409.84201066970100000000 2076.97696052181100000000 2294.54620815228150000000 2178.53288732413300000000 2179.07167475868440000000 2095.45332656252300000000
956.69845936668620000000 2043.11574379497230000000 941.86178431547010000000 1902.36816416664600000000 1117.52287041683580000000 1907.11679100924040000000 1126.17836586022260000000 2049.55257653746700000000
1239.35090774983380000000 2052.15509545267800000000 1231.48555768264240000000 1911.15728995071340000000 1404.62478458753840000000 1917.10599109584360000000 1408.46062230417620000000 2057.82262099814850000000
1520.31156875927420000000 2061.71919825209900000000 1518.51724307332190000000 1920.07584887132200000000 1689.41028802033300000000 1925.65503364009560000000 1687.99043563354580000000 2065.22379132193100000000
1799.15277110120880000000 2069.16485953497250000000 1803.34255720928150000000 1928.69752522551540000000 1970.45368679030410000000 1937.35011950268360000000 1963.15641476053100000000 2075.50267934905740000000
3256.34238059392200000000 2095.61946981034630000000 3360.18592744756400000000 2188.57447861637200000000 3233.47481770478770000000 2284.56615665066470000000 3132.43784379629200000000 2200.13270401464930000000
2873.30145389434760000000 2120.98029912679250000000 2980.49886235955300000000 2209.13554255924960000000 2859.95865235130800000000 2303.46439002112800000000 2751.86625355764040000000 2219.28814517339240000000
2486.37749153620800000000 2136.92910315738750000000 2598.83829801237800000000 2225.07486788089400000000 2484.66109098541660000000 2321.04366139474800000000 2372.18135361348800000000 2234.65410956868100000000
701.20537695041470000000 2264.25947641431550000000 684.91300353623300000000 2126.86672956727700000000 853.09980661523150000000 2132.83417052255200000000 867.28316210380000000000 2267.34891306070400000000
976.94356655197730000000 2272.12189918217970000000 964.48943680893130000000 2137.53667219612770000000 1134.06160296773440000000 2142.60687245870940000000 1140.60829755924960000000 2278.26428300946300000000
1249.93722155263910000000 2280.74966959941200000000 1244.29772907087730000000 2143.77238847164800000000 1411.29079354186930000000 2148.94606532576470000000 1414.17936721239630000000 2284.29972595150050000000
1522.35179932247180000000 2287.57814344605460000000 1521.07630028492300000000 2154.35873207700250000000 1687.19871495662550000000 2157.33623349023000000000 1684.48230141902830000000 2292.39963221134670000000
1792.11418636710190000000 2295.35971194036760000000 1796.43633374360660000000 2160.50277100616400000000 1957.68552075758630000000 2166.53289316514340000000 1950.94391054877680000000 2300.06483844121800000000
3050.19736810982200000000 2265.80764622643700000000 3151.09605887343420000000 2347.91342357184250000000 3032.11135549126450000000 2441.50936810473060000000 2928.70121184200930000000 2358.25011923288550000000
2672.65575574610000000000 2283.71145312246500000000 2779.14781257540100000000 2364.60366446624600000000 2663.53296406090100000000 2456.59824685816800000000 2558.71469127837330000000 2377.34316216438900000000
2849.43266838653100000000 2418.87781765228870000000 2950.81648832649260000000 2497.11695859065140000000 2838.34397024514240000000 2583.73538006328600000000 2735.66850878241580000000 2508.06907857252900000000
728.44975510718700000000 2480.16475981984700000000 712.10570885188990000000 2352.86250789697700000000 874.96016616992050000000 2355.93216340113350000000 888.19226010757420000000 2485.48718499207800000000
994.59893008973390000000 2489.06616258343900000000 983.41554173418920000000 2362.04164574922470000000 1143.85268256638800000000 2366.68997412526640000000 1154.20404145625530000000 2492.41538064467930000000
1260.04949815654460000000 2494.06318661207500000000 1253.14415236581820000000 2370.67962918033530000000 1414.78507254178020000000 2373.46457367133230000000 1419.34766484053900000000 2496.32165197728000000000
1523.89161321405530000000 2499.22687093869300000000 1522.15598382272970000000 2378.42104517092460000000 1683.52053653715640000000 2382.33811436363100000000 1681.35807314744650000000 2502.60497397621840000000
1785.40386922949960000000 2505.28001158955000000000 1789.27734093476170000000 2384.85320013538900000000 1946.38233339270440000000 2388.11658907464150000000 1939.63258451675670000000 2512.95905087777600000000
1014.40819346957950000000 2682.79530986839970000000 1003.21163211591030000000 2567.36639437410000000000 1162.76042624988200000000 2569.22243367837430000000 1168.54935996530400000000 2686.70693499190200000000
750.51097816624350000000 2691.57163671042700000000 739.19995247801700000000 2561.72105642346800000000 902.78705313155180000000 2565.43442450881900000000 909.57868024305880000000 2684.97226662620000000000
1270.76305134778750000000 2688.86621090162130000000 1264.99605108085260000000 2570.48038662024000000000 1423.94311070837470000000 2572.66620485318440000000 1424.68424754991130000000 2689.48462404358600000000
1526.52446728388170000000 2690.90380619376450000000 1525.10919752207270000000 2576.97993510657170000000 1680.31236110636600000000 2581.24104337887270000000 1678.28650973402340000000 2697.64808714614200000000
1779.31808411310600000000 2703.16745837950700000000 1783.23640921022750000000 2584.00784666386930000000 1934.99358000669030000000 2590.50565466939900000000 1928.55855625319740000000 2709.79033063206000000000
