# list of hand selected 2D points
SETS
1399.25516420006700000000 714.68262621610450000000 1424.29265409306030000000 607.02430319882890000000 1530.83024603577300000000 637.55303575747200000000 1504.59518346128860000000 744.31395925111340000000
1575.93854299027480000000 764.10365392809380000000 1602.70529464459510000000 657.90103420818060000000 1708.87451677089480000000 688.34963538073110000000 1680.30300704560480000000 793.15635269962090000000
1751.41791730293400000000 813.29693317668350000000 1779.00579646606730000000 708.02083426541310000000 1884.13389458669490000000 737.28983670949810000000 1855.68964497280010000000 842.44676003925690000000
1926.45878381861960000000 862.52021924778390000000 1954.42170731098620000000 757.32190817392690000000 2058.14928250281200000000 787.51484906575740000000 2030.24931257292400000000 891.74897524359290000000
1353.26930398388410000000 891.35931809622280000000 1380.56312944812230000000 786.20234867455550000000 1485.54297697100900000000 815.97543380739460000000 1458.24817280990460000000 920.25139366849070000000
2100.52848062070400000000 911.45796242597700000000 2128.76977988836640000000 807.01666136715900000000 2232.06685921671200000000 835.91270880245950000000 2203.02012458450550000000 939.95557092048640000000
1529.25498022672500000000 939.87122959071800000000 1556.57333295623470000000 835.17253941964830000000 1660.86704832583560000000 864.71572195303500000000 1633.87187615188830000000 968.90864016229610000000
1704.49055558236140000000 988.73842058164130000000 1732.15555943198180000000 884.20316557066330000000 1836.36229645782080000000 913.22617557698750000000 1808.49980057287870000000 1017.14388792320350000000
1879.07116006518440000000 1036.92151191520300000000 1907.21165787453920000000 933.22476347669690000000 2010.73780129613370000000 963.04885594128100000000 1983.15401867992360000000 1066.08843388419700000000
1307.81070742528300000000 1066.34367046192640000000 1334.97188214779380000000 961.83183219790210000000 1439.78104689861240000000 991.06528445996100000000 1412.53099631099960000000 1094.96112502223450000000
2053.39636198687400000000 1085.58790415238470000000 2081.40658759013830000000 981.88675813197880000000 2184.26057760300400000000 1011.10316798871950000000 2155.76131082085800000000 1113.69436378352630000000
2734.79400973379300000000 1072.12610477925570000000 2815.41264373460600000000 1139.49811526484770000000 2746.41680122686150000000 1222.37673877861450000000 2666.05980335364300000000 1154.94186383436340000000
1483.23663749831370000000 1114.63316125521580000000 1510.63448040787900000000 1010.34655512183450000000 1615.98513800749400000000 1039.62366989013700000000 1587.68580910644200000000 1143.30894628625560000000
1658.23766808454100000000 1162.98050461111200000000 1685.95214498480600000000 1059.00347864074660000000 1789.78067913087350000000 1087.73493751237360000000 1762.54141399164630000000 1191.40186229877920000000
1832.39012774644240000000 1210.82861627680470000000 1860.10969330665850000000 1107.17334854791760000000 1963.97389863670790000000 1136.35262344897610000000 1936.22109807902940000000 1239.72398209153830000000
2869.51283714712370000000 1184.77495541837970000000 2949.75910166212860000000 1252.20341780512650000000 2881.30438407745530000000 1334.42235282674440000000 2801.47275808800530000000 1267.37732531842360000000
1262.33084266230680000000 1239.69280670968400000000 1289.64363038718420000000 1135.86803566338430000000 1394.97525276346410000000 1165.68117957946080000000 1366.28253131819770000000 1267.87915493002380000000
2619.74732803010650000000 1211.14507505420220000000 2700.74040733532270000000 1278.29199997061000000000 2632.03182950637570000000 1360.70991376760600000000 2552.02686819752600000000 1293.64726538528610000000
2006.24973588544230000000 1259.25415043589120000000 2034.15500213128170000000 1155.79201895514670000000 2137.15282264228600000000 1183.71378199772200000000 2108.48407911117970000000 1287.24170533162170000000
1437.35677042498800000000 1287.36897604039180000000 1464.80106527661450000000 1184.03934147890200000000 1569.47906890596000000000 1212.97796990174860000000 1541.89062823952870000000 1315.76405796659060000000
3003.28725366405700000000 1297.12596643997770000000 3082.88199459034240000000 1364.20553230212570000000 3015.02000230359140000000 1445.88639031852450000000 2935.57850404888300000000 1379.50075644509140000000
1612.37027309140560000000 1335.08732972992680000000 1639.77153275762880000000 1232.32462367699870000000 1744.46395991421580000000 1260.87486575145950000000 1716.05422608715000000000 1363.38392743248200000000
2755.16166281358660000000 1323.28834740877370000000 2835.96058635800900000000 1390.09142406009120000000 2767.59080171581130000000 1472.39479724445440000000 2686.49641035378800000000 1405.36712555174240000000
1786.16603325792330000000 1382.46061691926900000000 1813.96904182219080000000 1280.13354273576370000000 1917.51798100600510000000 1309.13419678974150000000 1889.89539342730430000000 1411.13474695503080000000
2506.43017191553400000000 1349.19919023592370000000 2586.70856841612160000000 1415.87872107984070000000 2518.92160721329760000000 1498.73516183549150000000 2438.52965322376530000000 1431.90068800389200000000
1959.89614967022520000000 1430.06163796863600000000 1987.41334030246840000000 1328.13520512108330000000 2088.96446081844170000000 1355.79860332172920000000 2061.56073479327460000000 1457.86196412009350000000
3136.41538212382500000000 1409.10217150497120000000 3218.55643914791200000000 1475.93866991560440000000 3148.80800542980300000000 1558.02318721879760000000 3068.94304919261870000000 1490.97728356786370000000
2889.78735628055900000000 1434.95940219143900000000 2969.60199354384000000000 1501.32762939262440000000 2900.72905381079500000000 1583.15568624618980000000 2822.17044938979230000000 1517.05485957063870000000
2640.80840735092030000000 1460.53440442274300000000 2722.10703072821200000000 1527.15971841257420000000 2653.94195137629870000000 1608.91470613423920000000 2573.24664006427570000000 1542.95190237868200000000
2392.90228388740700000000 1487.39421226303800000000 2473.49405390527360000000 1553.48426535452400000000 2405.52212526938140000000 1635.32848866526140000000 2325.35636002686260000000 1569.61086715009670000000
3023.44222763319840000000 1546.07436198960400000000 3103.54208370819900000000 1612.29823252938510000000 3037.05349521299970000000 1693.87325924353240000000 2955.16437131992500000000 1627.57789051276380000000
2776.52370451138360000000 1571.79088384584540000000 2855.73976961807880000000 1637.62833188419590000000 2788.90358715766250000000 1720.17052732221350000000 2708.84773930807600000000 1653.95958119683470000000
2527.60166866627800000000 1597.78416928655470000000 2608.31855913832700000000 1664.05271061354900000000 2540.53859956574200000000 1745.48707793282730000000 2460.08602541858140000000 1679.42713316535500000000
2280.07787035675900000000 1624.93399089328320000000 2360.55673937686330000000 1690.24981921992400000000 2293.50225240041900000000 1771.19210489863260000000 2213.31349012816370000000 1706.76265742928940000000
1254.67328309605450000000 1699.98853149719050000000 1251.49197298394480000000 1595.36948172434090000000 1361.78991037064020000000 1595.28085787088340000000 1362.24829197922420000000 1700.00026267329000000000
1434.26903205034430000000 1700.30582213132970000000 1432.54153342001840000000 1594.85374328958030000000 1541.17346342734530000000 1594.89669969521630000000 1541.08725783489560000000 1700.59270347489470000000
1612.64697866240700000000 1700.46325135474350000000 1611.93520600727880000000 1594.97779735839900000000 1719.45833159548470000000 1595.56770215535200000000 1719.94993683095960000000 1700.67114391679600000000
1969.17734678692140000000 1700.31060214235440000000 1969.36302361968200000000 1595.16581211073570000000 2074.35393716178170000000 1595.08701098749360000000 2073.95920583060570000000 1700.46236139101350000000
1791.12082990769360000000 1700.68925872697400000000 1790.90894035595440000000 1595.28480014931730000000 1897.92293859354800000000 1595.34133760980170000000 1898.03236915058570000000 1700.35832278740620000000
2909.69550770421440000000 1682.07389503038170000000 2991.16665301956800000000 1748.60179329419220000000 2922.03358234176200000000 1829.32102465914000000000 2842.80594550018100000000 1763.95572680614670000000
2663.18088984015370000000 1708.87697752425740000000 2743.49767359966500000000 1774.51238474743060000000 2675.34964859401270000000 1854.68414600620120000000 2595.23209238011760000000 1789.72041605458900000000
2414.86242230890000000000 1734.31311387061120000000 2495.38990620557200000000 1799.96078449989020000000 2428.67561767679500000000 1880.12492063891020000000 2347.79812755619000000000 1814.75613306016800000000
2797.30482678242600000000 1818.34679938929550000000 2876.97005421826450000000 1883.44018145257180000000 2809.93038551899400000000 1964.08562243412210000000 2728.85979090121100000000 1898.34237826686650000000
1255.83314127099500000000 1876.53243768634660000000 1255.44290432116920000000 1770.87589888984170000000 1362.49128264832000000000 1770.90337758809320000000 1363.70889829299090000000 1876.22117931530560000000
1435.18780868442950000000 1876.42342862154240000000 1434.36184192621230000000 1771.19197652907250000000 1542.45001683898860000000 1771.60432258402560000000 1541.87393864562390000000 1876.68809390021990000000
1613.48432729699900000000 1876.55242208493130000000 1613.24726316472970000000 1770.85383685694550000000 1720.11530398479820000000 1771.19740228640510000000 1720.55862885483900000000 1876.43611695302570000000
1791.60515018024380000000 1876.47317476807870000000 1791.37976400000480000000 1771.54999292898240000000 1898.27704005065600000000 1771.16719907293500000000 1898.18071309729340000000 1876.27352647039540000000
1969.32187303915400000000 1876.10475528894000000000 1969.24240183091730000000 1770.87493593497790000000 2073.83543286082340000000 1770.84965876795400000000 2073.69075760535360000000 1876.05887356571430000000
2549.78479161569340000000 1844.08651474998940000000 2629.47349124257300000000 1908.51503845116460000000 2561.91968467186800000000 1988.44185956382000000000 2482.96981268072070000000 1923.95380416864710000000
2683.32581660233060000000 1952.00802887010150000000 2763.06954682646000000000 2016.57629041131420000000 2695.82696755875600000000 2095.62204116412250000000 2616.56762396388880000000 2031.53334209569810000000
1791.90769187450520000000 2050.43314181804130000000 1791.53950074397650000000 1947.31286626868680000000 1898.45997331955640000000 1947.39529463018330000000 1898.39016871918500000000 2050.10048068016340000000
1969.22117895852940000000 2049.75444546885100000000 1969.27228859066050000000 1946.72015533982300000000 2074.26971971787000000000 1946.58811470622250000000 2073.47777006392560000000 2050.57884501941270000000
1257.14652289195100000000 2052.24683106368300000000 1256.31751356966700000000 1947.17832278910150000000 1363.54264332887850000000 1946.41053619178640000000 1364.26320079860300000000 2052.12430497615560000000
1435.89912807607200000000 2052.20161459770700000000 1435.37300432694180000000 1947.12745097204420000000 1541.76126920088560000000 1946.77614114004900000000 1542.82361377309170000000 2051.61136878812480000000
1614.08448996779200000000 2051.19737529054150000000 1613.50958877650560000000 1947.27326618544480000000 1720.89719182793920000000 1945.90753088703670000000 1721.26833570621850000000 2050.56663784549940000000
1615.18537534666190000000 2222.80123900594000000000 1614.65040139659460000000 2119.22153490068560000000 1721.69598225452770000000 2118.04725126465000000000 1722.03976646990580000000 2221.71282566827540000000
1792.48741264031950000000 2221.32709561085100000000 1792.21164950834900000000 2118.79125971720350000000 1898.49471704873800000000 2118.33871919065300000000 1898.36142098184090000000 2221.72946077539970000000
1968.66426134575200000000 2222.22776883464500000000 1969.17524777954620000000 2118.48765695990870000000 2072.80427499275270000000 2119.04125620693370000000 2072.84684062832460000000 2222.72765384956850000000
1437.71704240380250000000 2223.81706709833270000000 1436.66887116543000000000 2120.62510702707400000000 1545.13855470181400000000 2120.28475613284800000000 1544.04720927644710000000 2223.34840744760550000000
1257.01760485554930000000 2228.30551979334540000000 1257.75033585996800000000 2121.76697446803470000000 1367.15280971730400000000 2120.69376250676000000000 1365.58778309248460000000 2225.31059117659240000000
