# list of hand selected 2D points
SETS
1212.58446018257700000000 207.27925090963413000000 1284.38595747639100000000 47.80290071903350000000 1439.62392637635960000000 128.91196662060247000000 1365.82581560397350000000 285.72643008084910000000
1468.89811259300700000000 338.41101908511166000000 1543.83481451197550000000 182.65825216400470000000 1699.17869714730840000000 262.98649513615715000000 1621.09316140222090000000 415.76576279037460000000
1085.26613682588600000000 463.74029053555310000000 1161.29993038690440000000 311.13608426207344000000 1313.64261934962180000000 388.73840697331390000000 1238.05524504117030000000 541.31144628299080000000
1723.88369475565380000000 469.08602833599525000000 1799.97093465243820000000 314.96769227339470000000 1953.32742819427800000000 393.58977471858690000000 1876.11634790703740000000 547.53856310304210000000
1340.86039730873020000000 593.38122009088930000000 1416.62982795386690000000 440.58343931879926000000 1568.21815699423220000000 518.22489189309810000000 1493.75467709101600000000 671.77225458317000000000
1978.29215961648900000000 600.46197775265950000000 2054.79728756649100000000 446.28578173278050000000 2205.78683130191580000000 526.90112965503950000000 2129.56043813098900000000 678.31619061723530000000
958.94450403949450000000 718.57668536134000000000 1034.49157009950570000000 566.16393326806000000000 1187.70567580425800000000 644.77555197612500000000 1111.44188147268050000000 795.73343890948040000000
1596.19806579372770000000 723.97714653935200000000 1671.92667629845820000000 571.15430003516330000000 1824.64039620154720000000 649.86685007026210000000 1747.83052796837680000000 800.56933989475890000000
2231.46655290595000000000 730.38145124518140000000 2307.97001317957170000000 578.42076985726790000000 2457.29331310773570000000 655.67268144136870000000 2380.98419916909900000000 806.70937544528750000000
1214.16823762905980000000 847.94658741344120000000 1289.95968089847840000000 695.80658719336590000000 1443.29865285765960000000 774.28488632756860000000 1367.27815681649740000000 925.80439226427310000000
1850.46550417815200000000 853.03258065436980000000 1926.86221066757730000000 702.59685871286480000000 2077.06740785307800000000 780.36118264675360000000 2002.22461306822500000000 930.76796760354860000000
832.56063978923300000000 971.18877530109590000000 908.32272955165160000000 820.10655337780450000000 1063.03770715321660000000 898.17382813481240000000 984.31387221746010000000 1047.62452293005840000000
1469.85600966916470000000 977.74617968950940000000 1545.63392834568370000000 826.43692637099150000000 1696.86475922579300000000 903.47007700812910000000 1622.27270448790390000000 1054.95507474825630000000
2104.25416539282800000000 982.66362285829430000000 2180.18956029896300000000 831.88328969306100000000 2329.61938592087150000000 908.65722275467580000000 2254.18303708315500000000 1058.47977205539750000000
1088.13616250195500000000 1100.09098391066690000000 1163.77820150584800000000 949.31098890902330000000 1318.49145789126800000000 1027.77761985906110000000 1241.01032724608760000000 1177.33919987484500000000
1723.69184670081360000000 1106.26275223529980000000 1799.07566653924280000000 954.97304954134100000000 1950.73064297443600000000 1032.10511940446830000000 1874.90825816308780000000 1183.41702138037600000000
3160.62676748220300000000 1176.84299878375100000000 3264.47975731593760000000 1306.38448150914040000000 3132.34140329359070000000 1412.89003658714750000000 3027.93020509447500000000 1283.34033759525850000000
1343.58338438840270000000 1228.98121176161100000000 1419.31786059128850000000 1078.97920722777100000000 1572.76389876944720000000 1156.09634165975330000000 1495.35130243122080000000 1305.56422317158010000000
1977.06654862186340000000 1235.22362893506650000000 2052.93037671435000000000 1084.29809200907700000000 2203.57546441045720000000 1160.10846745605980000000 2126.86619370926300000000 1311.21173988169100000000
1597.35678439531740000000 1356.99040885530990000000 1673.20788158133970000000 1207.23162273583510000000 1824.53773906374070000000 1284.58343433048370000000 1749.41142403780550000000 1433.67603543003220000000
2939.49940135923130000000 1355.02713043178700000000 3044.85684725850020000000 1484.20303783886400000000 2912.11636271173300000000 1590.80781742855900000000 2809.50703396994730000000 1461.28040583493900000000
3333.73806226550370000000 1393.05019658770300000000 3436.10979715056400000000 1522.30373199302380000000 3307.36419559613660000000 1628.80969910407860000000 3203.50524405996300000000 1499.34699972219050000000
1851.40461776039460000000 1485.13319770543000000000 1926.43655018572240000000 1335.98840611950660000000 2075.83555020735100000000 1410.73010722343540000000 2000.78531959897500000000 1560.08042191096250000000
2722.33957286212940000000 1532.40194151936270000000 2825.77796939301800000000 1660.80698322919170000000 2695.44191413357500000000 1767.98930651493150000000 2591.72793603669330000000 1639.25206427730770000000
3115.03586966599460000000 1570.73322999153060000000 3220.12741972397730000000 1699.88066732196130000000 3088.40514401240760000000 1805.94038681679100000000 2982.71354550756700000000 1676.26974195809820000000
3504.40894025639100000000 1608.53396227437660000000 3605.27865852912300000000 1736.73126257643780000000 3477.35197628296400000000 1842.39742188454990000000 3375.77952521105860000000 1714.95647246093590000000
673.54902784184390000000 1681.84623403309180000000 700.31925619309530000000 1518.65544499500240000000 872.19533201302090000000 1553.30229133734450000000 839.89099707722970000000 1715.94555762192680000000
950.68193145218710000000 1738.94519003454910000000 981.50972389069550000000 1574.93686555231650000000 1150.41808034552010000000 1608.55774014656200000000 1116.60038631127920000000 1773.32361387397210000000
2504.35600397658100000000 1710.37211729254180000000 2608.56519904831800000000 1838.47253711995100000000 2477.55483746466370000000 1944.22590985632950000000 2374.08598752652800000000 1817.00438480965110000000
1227.79026957597970000000 1795.59379537316300000000 1259.86551929992650000000 1631.68839053546440000000 1427.11023952301320000000 1665.40557138149350000000 1394.04310310158140000000 1829.71561860806860000000
2895.20860585361060000000 1746.75929594060310000000 3001.51810548342250000000 1876.58050477773420000000 2869.90097401083800000000 1982.61278759340140000000 2765.42268499246530000000 1853.63210936327460000000
3288.82793709618450000000 1786.06418223898480000000 3390.61979623178740000000 1913.75198669025850000000 3259.84712180352240000000 2019.99010544309680000000 3159.35302841847200000000 1892.32965360892900000000
1504.40153507695690000000 1852.47269677907300000000 1537.25684753002380000000 1688.45592806678200000000 1702.74634617040650000000 1721.91526850615860000000 1670.20421528848080000000 1885.57942464656430000000
3673.01152958572800000000 1822.42279405544150000000 3779.67882010362750000000 1951.73403381937920000000 3647.09137901687060000000 2057.92901767064300000000 3545.38625606080360000000 1928.43000911670420000000
1780.47299213006750000000 1907.92968498228720000000 1813.86456947175700000000 1744.22093490267780000000 1976.94913601491250000000 1778.40742507531950000000 1943.27894380960720000000 1941.51376358802420000000
2286.77867173194230000000 1888.93598355617840000000 2391.12137009405430000000 2015.31596719275940000000 2261.16453920778300000000 2120.47315186282400000000 2157.51975475822900000000 1995.24864985864840000000
617.99576515027550000000 1956.31989903419050000000 651.62049301522220000000 1792.23407757900990000000 817.61585028877150000000 1826.84855032844400000000 785.25815282527580000000 1990.15629828211330000000
2678.22381983167630000000 1924.26109179196780000000 2783.09968814646030000000 2052.93153509988300000000 2652.87937815870150000000 2157.79345945991960000000 2547.93826027169550000000 2029.94135725456180000000
895.60682665601140000000 2013.34592016502670000000 927.88519399353330000000 1849.67653325037170000000 1096.13246452901500000000 1883.70043824174330000000 1061.11953686780000000000 2047.78595180229880000000
3072.25334426269460000000 1963.05827373192230000000 3173.70910319495200000000 2089.61181177182970000000 3045.64666854924960000000 2197.89370916605050000000 2942.01719013236150000000 2069.43351511241400000000
3459.22737375108270000000 1999.41140148318250000000 3561.75409660255540000000 2126.88907801557160000000 3435.76319003644100000000 2234.16045282546430000000 3329.14009506553340000000 2104.86485770102700000000
1172.11172233385400000000 2069.99871904862630000000 1206.11579251326950000000 1905.35222907617370000000 1372.79156553154830000000 1938.64034319434040000000 1338.98499486081620000000 2103.45997324696000000000
1449.17074699440670000000 2125.96622929240170000000 1482.07449660773480000000 1962.65186463664920000000 1648.25268689372160000000 1994.99512299427870000000 1614.75663185309900000000 2159.41010030794720000000
2461.03535188605060000000 2100.79987556159800000000 2566.03787222915030000000 2228.43150411195760000000 2437.08848211760140000000 2332.92305957930970000000 2331.98207844118900000000 2204.72410914938000000000
1724.86333268461930000000 2181.40154614043500000000 1758.23765276971700000000 2017.52708458384100000000 1920.43201058737490000000 2050.96632028695470000000 1887.68102591659840000000 2214.37207353423300000000
2854.57979147809200000000 2140.15074941176770000000 2958.79327248160400000000 2267.59751887211040000000 2827.98575800601100000000 2371.82835302988770000000 2723.77027686997600000000 2244.32684104358200000000
563.63644069878000000000 2229.93953770391800000000 595.59105974732610000000 2066.47171097078400000000 762.20807890562990000000 2099.57180705056130000000 729.32859774576420000000 2264.29998877380560000000
3242.60856255885940000000 2175.04990494338650000000 3348.64558670450900000000 2304.18811977629960000000 3217.06165039341480000000 2407.13959964584640000000 3114.81661037880940000000 2282.20255707150700000000
840.09405158275580000000 2287.19049505619400000000 872.23310630322580000000 2123.74522136174400000000 1037.43040187644440000000 2157.46241396499700000000 1006.45063489689530000000 2320.53750427736940000000
1117.05512311023680000000 2342.65709978931050000000 1148.83978101790720000000 2180.61872788334630000000 1315.90254616864900000000 2213.07345768077770000000 1284.24199071138510000000 2375.35174564993700000000
2636.45140563452600000000 2314.25052285952700000000 2739.87657353601030000000 2439.32076784041460000000 2610.87081269243400000000 2542.94461181195670000000 2507.64798418329200000000 2417.77158646084600000000
1394.07482014181600000000 2397.68323459805500000000 1425.78945132728800000000 2236.84034175583070000000 1592.13583641279570000000 2270.24150816956500000000 1559.88415031943600000000 2430.40341787572200000000
3028.04403040036900000000 2352.30928416183100000000 3130.13597730599670000000 2477.41017169990760000000 3001.40967856860400000000 2581.62656455559700000000 2896.79946873443530000000 2454.97208656916840000000
1669.78309009794800000000 2452.37208452879350000000 1702.28940173026080000000 2291.91375680690630000000 1865.80550562344730000000 2324.07223916488800000000 1832.03595141035320000000 2487.01008621335700000000
504.84862269341780000000 2505.22259463764480000000 542.39621852744190000000 2338.60693174389460000000 713.57127768455100000000 2371.73273384095500000000 677.05306385191850000000 2533.87484341777200000000
790.10578758199510000000 2554.10594215913000000000 820.30587968378780000000 2394.04775755621680000000 989.34768438173680000000 2426.79059208195600000000 955.32011074496450000000 2587.24585324624330000000
2809.31630729505420000000 2523.60083359234480000000 2912.07730535556040000000 2647.88005150921700000000 2784.48535631980580000000 2749.32384425250170000000 2680.81485879944740000000 2626.19011846937930000000
1065.51364609887880000000 2609.16783172308700000000 1097.56924621823170000000 2447.96117029962170000000 1265.33755056754130000000 2481.14854694316200000000 1232.01786453836480000000 2640.87014159661070000000
1341.90581720511800000000 2662.14077538191080000000 1373.08477505726270000000 2503.84335280481860000000 1537.91238681314350000000 2536.96385577099360000000 1505.82096846429950000000 2697.42669941187400000000
1614.93811418407680000000 2720.90166705423140000000 1647.99602394942460000000 2559.07780607498030000000 1810.44689086898070000000 2593.43282421332970000000 1776.90019350604530000000 2755.20751730174240000000
