# list of hand selected 2D points
SETS
554.00000000000000000000 2812.40000000000000000000 556.80000000000000000000 2635.60000000000000000000 734.00000000000000000000 2632.00000000000000000000 736.40000000000000000000 2804.00000000000000000000
554.80000000000000000000 2522.00000000000000000000 553.20000000000000000000 2349.20000000000000000000 732.80000000000000000000 2345.20000000000000000000 732.80000000000000000000 2519.60000000000000000000
552.80000000000000000000 2234.80000000000000000000 552.80000000000000000000 2060.40000000000000000000 729.60000000000000000000 2059.60000000000000000000 731.60000000000000000000 2231.60000000000000000000
552.00000000000000000000 1944.80000000000000000000 544.40000000000000000000 1773.20000000000000000000 725.20000000000000000000 1771.60000000000000000000 730.00000000000000000000 1942.80000000000000000000
855.78947368421050000000 2798.94736842105250000000 853.15789473684210000000 2630.00000000000000000000 1029.47368421052620000000 2626.31578947368400000000 1032.10526315789460000000 2795.26315789473670000000
849.47368421052620000000 2518.42105263157870000000 848.42105263157880000000 2344.73684210526300000000 1026.31578947368420000000 2344.73684210526300000000 1027.36842105263140000000 2514.21052631578900000000
848.94736842105260000000 2231.57894736842100000000 847.36842105263160000000 2057.89473684210500000000 1026.84210526315800000000 2055.26315789473670000000 1026.31578947368420000000 2231.05263157894700000000
1145.78947368421040000000 2793.68421052631540000000 1145.78947368421040000000 2623.15789473684200000000 1321.05263157894730000000 2618.94736842105250000000 1323.15789473684200000000 2788.42105263157870000000
1142.63157894736830000000 2512.10526315789460000000 1141.05263157894730000000 2342.63157894736830000000 1316.84210526315770000000 2339.47368421052620000000 1319.47368421052620000000 2510.52631578947330000000
1141.05263157894730000000 2227.36842105263100000000 1141.57894736842100000000 2054.73684210526300000000 1317.36842105263140000000 2054.73684210526300000000 1318.94736842105250000000 2225.26315789473670000000
1140.52631578947350000000 1941.05263157894730000000 1137.36842105263140000000 1768.42105263157870000000 1314.73684210526310000000 1766.84210526315770000000 1316.84210526315770000000 1938.94736842105250000000
844.73684210526310000000 1944.73684210526310000000 841.57894736842100000000 1769.99999999999980000000 1023.15789473684210000000 1766.31578947368420000000 1023.68421052631570000000 1943.68421052631560000000
1430.52631578947350000000 1937.89473684210520000000 1429.47368421052620000000 1766.84210526315770000000 1604.73684210526310000000 1764.73684210526310000000 1604.73684210526310000000 1936.31578947368420000000
1432.10526315789460000000 2224.21052631578900000000 1431.05263157894730000000 2053.15789473684200000000 1606.31578947368420000000 2050.00000000000000000000 1607.36842105263140000000 2221.05263157894700000000
1433.68421052631560000000 2507.89473684210500000000 1432.63157894736830000000 2338.42105263157870000000 1606.31578947368420000000 2334.73684210526300000000 1607.89473684210520000000 2504.21052631578900000000
1436.31578947368420000000 2785.26315789473670000000 1434.73684210526310000000 2618.42105263157870000000 1608.94736842105250000000 2615.26315789473670000000 1611.05263157894730000000 2783.68421052631540000000
1722.63157894736830000000 2782.63157894736830000000 1723.15789473684200000000 2614.21052631578900000000 1893.15789473684200000000 2611.05263157894700000000 1893.68421052631560000000 2782.10526315789460000000
1721.57894736842100000000 2502.63157894736830000000 1720.52631578947350000000 2334.21052631578900000000 1892.10526315789460000000 2331.05263157894700000000 1893.68421052631560000000 2503.15789473684200000000
1719.99999999999980000000 2220.52631578947330000000 1720.52631578947350000000 2048.94736842105250000000 1890.52631578947350000000 2047.36842105263140000000 1891.57894736842080000000 2219.47368421052620000000
1719.47368421052620000000 1935.78947368421040000000 1718.94736842105250000000 1764.21052631578940000000 1889.47368421052620000000 1763.15789473684200000000 1890.52631578947350000000 1934.73684210526310000000
1868.00000000000000000000 1543.20000000000000000000 1701.20000000000000000000 1498.80000000000000000000 1746.00000000000000000000 1334.00000000000000000000 1913.20000000000000000000 1377.20000000000000000000
1589.09090909090900000000 1468.18181818181800000000 1420.90909090909080000000 1420.90909090909080000000 1466.36363636363630000000 1256.36363636363630000000 1634.54545454545450000000 1302.72727272727250000000
1309.09090909090900000000 1390.90909090909080000000 1137.27272727272730000000 1344.54545454545450000000 1182.72727272727250000000 1179.09090909090900000000 1353.63636363636350000000 1227.27272727272730000000
1023.63636363636350000000 1316.36363636363630000000 850.90909090909090000000 1269.09090909090900000000 894.54545454545450000000 1100.90909090909080000000 1068.18181818181800000000 1149.09090909090900000000
734.54545454545450000000 1238.18181818181800000000 560.90909090909090000000 1192.72727272727250000000 609.09090909090900000000 1024.54545454545450000000 780.90909090909090000000 1070.90909090909080000000
811.81818181818180000000 959.09090909090900000000 637.27272727272730000000 911.81818181818180000000 681.81818181818180000000 741.81818181818180000000 856.36363636363630000000 787.27272727272730000000
1098.18181818181800000000 1036.36363636363630000000 924.54545454545450000000 989.09090909090900000000 969.09090909090900000000 821.81818181818180000000 1144.54545454545450000000 867.27272727272730000000
1382.72727272727250000000 1115.45454545454530000000 1210.00000000000000000000 1070.00000000000000000000 1256.36363636363630000000 901.81818181818180000000 1426.36363636363630000000 942.72727272727260000000
1493.63636363636350000000 1144.54545454545450000000 1540.90909090909080000000 977.27272727272710000000 1710.90909090909080000000 1021.81818181818180000000 1663.63636363636350000000 1191.81818181818180000000
1776.36363636363630000000 1221.81818181818180000000 1820.90909090909080000000 1055.45454545454530000000 1988.18181818181800000000 1099.09090909090900000000 1942.72727272727250000000 1269.09090909090900000000
2016.36363636363630000000 989.09090909090900000000 1850.90909090909080000000 943.63636363636350000000 1894.54545454545450000000 777.27272727272730000000 2061.81818181818150000000 823.63636363636360000000
1738.18181818181800000000 912.72727272727260000000 1568.18181818181800000000 864.54545454545450000000 1613.63636363636350000000 697.27272727272730000000 1784.54545454545450000000 743.63636363636360000000
1456.36363636363630000000 833.63636363636350000000 1284.54545454545450000000 785.45454545454540000000 1331.81818181818180000000 618.18181818181810000000 1502.72727272727250000000 666.36363636363630000000
1171.81818181818180000000 756.36363636363630000000 999.09090909090900000000 707.27272727272730000000 1045.45454545454530000000 539.09090909090900000000 1215.45454545454530000000 585.45454545454540000000
885.45454545454540000000 675.45454545454540000000 711.81818181818180000000 629.09090909090900000000 759.09090909090900000000 459.09090909090907000000 931.81818181818180000000 506.36363636363630000000
962.72727272727260000000 393.63636363636360000000 788.18181818181810000000 345.45454545454544000000 830.90909090909090000000 169.09090909090907000000 1006.36363636363630000000 217.27272727272725000000
1077.27272727272730000000 424.54545454545450000000 1120.90909090909080000000 254.54545454545453000000 1294.54545454545450000000 299.09090909090907000000 1248.18181818181800000000 472.72727272727270000000
1359.09090909090900000000 505.45454545454544000000 1404.54545454545450000000 336.36363636363630000000 1575.45454545454530000000 383.63636363636360000000 1532.72727272727250000000 553.63636363636360000000
1644.54545454545450000000 587.27272727272730000000 1689.99999999999980000000 418.18181818181813000000 1858.18181818181800000000 467.27272727272725000000 1813.63636363636350000000 633.63636363636360000000
1925.45454545454530000000 667.27272727272730000000 1969.99999999999980000000 499.09090909090907000000 2135.45454545454550000000 542.72727272727260000000 2090.90909090909050000000 713.63636363636360000000
2992.49999999999950000000 2427.49999999999950000000 2888.33333333333300000000 2556.66666666666650000000 2760.83333333333300000000 2455.83333333333300000000 2866.66666666666600000000 2327.49999999999950000000
2781.66666666666600000000 2259.16666666666650000000 2678.23529411764700000000 2389.41176470588200000000 2547.64705882352930000000 2285.88235294117600000000 2652.94117647058800000000 2157.05882352941170000000
2566.47058823529370000000 2086.47058823529370000000 2461.76470588235270000000 2218.82352941176440000000 2327.64705882352930000000 2112.35294117647030000000 2437.64705882352930000000 1982.35294117647050000000
2350.58823529411760000000 1912.94117647058800000000 2244.70588235294100000000 2044.70588235294100000000 2113.52941176470600000000 1942.94117647058800000000 2219.41176470588200000000 1809.99999999999980000000
2528.82352941176440000000 1692.35294117647050000000 2422.94117647058800000000 1825.88235294117640000000 2290.58823529411760000000 1719.99999999999980000000 2398.23529411764700000000 1587.64705882352930000000
2744.11764705882340000000 1867.05882352941150000000 2638.82352941176440000000 2000.58823529411730000000 2508.23529411764700000000 1894.11764705882340000000 2613.52941176470540000000 1762.35294117647050000000
2960.58823529411700000000 2041.17647058823510000000 2854.11764705882340000000 2171.76470588235270000000 2722.94117647058800000000 2068.82352941176440000000 2831.17647058823500000000 1937.64705882352930000000
3171.17647058823500000000 2212.94117647058800000000 3064.70588235294100000000 2344.11764705882340000000 2936.47058823529370000000 2239.99999999999950000000 3044.70588235294100000000 2111.76470588235270000000
3347.64705882352930000000 1995.29411764705860000000 3242.35294117647030000000 2127.05882352941170000000 3114.11764705882340000000 2022.94117647058800000000 3217.64705882352930000000 1891.76470588235270000000
3133.52941176470540000000 1821.76470588235270000000 3034.11764705882340000000 1955.29411764705860000000 2901.17647058823500000000 1848.82352941176440000000 3008.23529411764700000000 1718.82352941176460000000
2921.76470588235270000000 1647.05882352941150000000 2815.88235294117600000000 1779.99999999999980000000 2683.52941176470540000000 1674.11764705882340000000 2791.17647058823500000000 1542.35294117647050000000
2707.64705882352930000000 1471.76470588235270000000 2601.76470588235270000000 1604.11764705882340000000 2469.99999999999950000000 1495.88235294117640000000 2575.88235294117600000000 1367.05882352941170000000
2883.52941176470540000000 1250.58823529411760000000 2777.05882352941130000000 1382.35294117647050000000 2647.05882352941170000000 1277.05882352941170000000 2754.11764705882340000000 1145.88235294117640000000
3098.23529411764700000000 1428.82352941176460000000 2991.17647058823500000000 1561.17647058823510000000 2861.76470588235270000000 1454.70588235294100000000 2969.99999999999950000000 1322.94117647058800000000
3309.41176470588200000000 1604.11764705882340000000 3204.11764705882300000000 1734.70588235294100000000 3077.64705882352930000000 1630.58823529411760000000 3182.35294117647030000000 1499.99999999999980000000
3518.23529411764700000000 1778.23529411764680000000 3417.64705882352930000000 1908.23529411764680000000 3287.05882352941130000000 1805.29411764705860000000 3392.35294117647030000000 1674.70588235294100000000
3691.76470588235270000000 1561.76470588235270000000 3587.64705882352900000000 1690.58823529411760000000 3459.99999999999950000000 1586.47058823529400000000 3563.52941176470540000000 1457.05882352941170000000
3481.17647058823500000000 1386.47058823529400000000 3379.99999999999950000000 1515.88235294117640000000 3252.94117647058800000000 1413.52941176470560000000 3356.47058823529370000000 1282.35294117647050000000
3272.94117647058800000000 1209.99999999999980000000 3171.76470588235270000000 1341.17647058823510000000 3041.17647058823500000000 1234.70588235294100000000 3144.70588235294100000000 1105.88235294117640000000
3062.35294117647030000000 1031.17647058823510000000 2956.47058823529370000000 1164.11764705882340000000 2824.11764705882340000000 1056.47058823529400000000 2934.11764705882340000000 927.64705882352930000000
