# list of hand selected 2D points
SETS
1274.60888770038900000000 688.41515619231510000000 1298.39673217153560000000 574.59156134806320000000 1416.57259885249370000000 608.65313738497280000000 1390.25156187977200000000 721.89046991522920000000
1467.79489500763450000000 744.64184912040600000000 1494.92991242258880000000 631.39364249692930000000 1610.12245647698250000000 665.72202542409500000000 1581.05594138546170000000 777.97105623432530000000
1657.27151677568600000000 800.35299412589790000000 1686.67047650477370000000 688.52998994606930000000 1799.11430134961700000000 720.85841179846850000000 1768.81517626604930000000 832.34079395866670000000
1843.73867674683330000000 853.85343050924020000000 1874.79090938233620000000 744.00442234671060000000 1984.73265641843110000000 776.76594707881670000000 1953.53825814233460000000 885.98946318745700000000
1231.47376659162500000000 876.47396958884990000000 1256.96990952734150000000 764.89149962752330000000 1371.66644119099120000000 797.76494148391790000000 1345.32892950523840000000 908.60395692502500000000
2027.14196021712200000000 907.35212318229570000000 2059.60265057554600000000 798.36654236028970000000 2167.87631140770550000000 830.04315941604200000000 2134.30901911269100000000 938.42659977491590000000
1421.63945410076050000000 930.23322441042520000000 1448.61965425517020000000 820.57138901651550000000 1561.37322176140240000000 853.48107667211260000000 1533.70081151458360000000 962.11733200220360000000
1608.59288582825100000000 983.48899711744410000000 1637.16457140777470000000 875.49034690267210000000 1748.34467059737600000000 905.97860372434430000000 1718.64212871204000000000 1014.91297698071430000000
1792.52805647334410000000 1035.61017110876580000000 1822.88654375456800000000 927.96532114586700000000 1932.32326856999040000000 960.34696278313830000000 1901.09416550260560000000 1066.11124953235180000000
1189.90944454534180000000 1058.02701307697270000000 1214.67456593926200000000 949.99985874835530000000 1328.50571133852420000000 981.13725191785970000000 1302.08757878918070000000 1088.74802649465250000000
1974.17144421962170000000 1086.78172883751680000000 2005.55647123577400000000 980.89851157994350000000 2112.18838623278500000000 1010.97835759898350000000 2079.91603568833170000000 1117.02259013537700000000
1377.18512275557080000000 1109.55720539067870000000 1403.46552284551580000000 1003.13539200801300000000 1515.16283250096560000000 1033.47625436385280000000 1487.85150782540860000000 1139.81180288195000000000
2678.55977189093100000000 1079.04112418114350000000 2755.84996549710880000000 1147.39298153391130000000 2680.32113210106900000000 1228.08829693282630000000 2602.41827573082600000000 1160.14454327902630000000
1561.69114077947900000000 1160.09960560020230000000 1589.74452845973900000000 1054.88683937606240000000 1698.92121403345440000000 1085.28059553122670000000 1670.61053218819200000000 1188.98547072079620000000
1743.20924714952160000000 1209.21289724740860000000 1772.29914510613930000000 1106.75376996496080000000 1880.33529067245920000000 1138.06884442415480000000 1850.37578220504520000000 1239.63804797424860000000
2807.39461294263540000000 1192.92291467989100000000 2882.54114060531450000000 1259.73300728776530000000 2808.04841334281900000000 1339.63842899293470000000 2732.00272371654300000000 1273.66425668568420000000
1149.18157736970300000000 1233.84902592617700000000 1173.55360233425800000000 1128.89421427077700000000 1285.71772331126250000000 1159.37539050970440000000 1259.39760746517850000000 1263.42901371401830000000
2551.71171971297700000000 1215.29110262911200000000 2629.72315792325750000000 1282.76950223036370000000 2555.67345146300800000000 1361.83647352396860000000 2478.27126194978250000000 1296.04841231812660000000
1922.16629091330260000000 1259.65825927260450000000 1952.92259821365900000000 1157.56094043530500000000 2058.49016117034630000000 1187.28132373148330000000 2026.80237180434910000000 1287.94005146506060000000
1334.08085801572860000000 1282.90062707151720000000 1359.57946278385090000000 1179.52229864613420000000 1470.07317775689760000000 1209.09921070482300000000 1443.11267829336750000000 1311.70650364076300000000
1516.23778882167380000000 1330.92890297279430000000 1543.29632669954230000000 1228.91448688790520000000 1651.57268487486770000000 1257.98878677709510000000 1623.43680690207680000000 1359.16961665140750000000
2932.49142804713400000000 1304.06386643908740000000 3005.76230054558250000000 1368.97812940779230000000 2931.27640226450740000000 1446.81679782256200000000 2857.82351569433100000000 1383.54277507119330000000
2681.62501494030130000000 1327.44419593501800000000 2757.55915200377740000000 1393.36333289946720000000 2683.77405681019700000000 1470.83090932076950000000 2607.03858067798800000000 1405.27776849827840000000
1695.37880170615470000000 1378.16259956396900000000 1723.81026469190420000000 1276.94533344951720000000 1830.08766110749000000000 1307.00930068911520000000 1801.28735691341000000000 1405.52986387440900000000
2429.13361315059600000000 1349.99784274909800000000 2506.39650221586950000000 1414.53739262660840000000 2434.76013182404800000000 1492.87465637459240000000 2356.58184901042660000000 1429.43401141941900000000
1872.25842527404940000000 1424.32997991765600000000 1901.76649466167400000000 1326.08153762144520000000 2004.92548940995580000000 1352.98546767039000000000 1975.62203947983650000000 1451.83228033369160000000
3054.34547728035340000000 1412.30378092888500000000 3128.75872119960240000000 1478.41685702693080000000 3053.17902206699140000000 1554.12512741808720000000 2980.15051212630670000000 1490.15395270910450000000
2807.82648881023000000000 1436.55722151145000000000 2881.30420535850770000000 1499.72756639540260000000 2807.32788023285900000000 1575.69689329366880000000 2734.54752344841800000000 1514.10051066814200000000
2557.75606802550200000000 1457.65011865438120000000 2634.54935671308340000000 1522.79519770900540000000 2562.07256683258200000000 1598.49126186471590000000 2485.66411627692700000000 1535.70032797345900000000
2308.31945343324700000000 1482.11707779885390000000 2385.90829465794200000000 1545.12907264382740000000 2314.86334094308600000000 1620.42120802146900000000 2237.19966071362840000000 1560.02967749875640000000
2930.47998955488100000000 1541.93359056367720000000 3003.01783406949600000000 1604.59202463618100000000 2931.11993709756800000000 1680.63070376550010000000 2856.87603042746000000000 1617.65818592935650000000
2685.49676967866160000000 1565.57563068162380000000 2758.63627826939100000000 1626.38604537976450000000 2688.00385199841370000000 1702.98645477877100000000 2613.39483007149830000000 1641.92304672695650000000
2437.49143716402660000000 1586.91474639324970000000 2513.76094435916140000000 1649.53920206578980000000 2443.66627716242560000000 1723.74860824764960000000 2366.34158671318160000000 1662.61075770426370000000
2190.11628527528800000000 1612.17043193724270000000 2267.77054298298030000000 1672.08197453867600000000 2198.03849714969740000000 1746.92169907903490000000 2121.37576508302900000000 1688.35754355654130000000
1160.76482210594550000000 1678.63590904418800000000 1153.31735755198880000000 1582.42126026085450000000 1264.99435387059320000000 1581.17655737558200000000 1269.55818365939700000000 1678.80057637988350000000
1342.06078890396770000000 1679.49127169948950000000 1337.54218271812000000000 1580.74348481823590000000 1448.37723281581520000000 1580.65322405180310000000 1449.72966807519000000000 1680.23934373021170000000
1521.92662831169970000000 1679.54407420978350000000 1519.46931294916400000000 1581.16506979029050000000 1628.13738246138130000000 1581.57833269522580000000 1629.59576579025540000000 1679.93219590383300000000
1700.70812837367360000000 1680.37390613037200000000 1700.50705553266300000000 1581.58715652119200000000 1807.73071370329260000000 1582.16081463835170000000 1807.49574356233260000000 1679.64948290640360000000
1878.57752804146930000000 1679.85252839037250000000 1879.89373413442440000000 1581.70882199336620000000 1984.91534332526110000000 1583.08506472443650000000 1983.30752021561530000000 1680.54355986264800000000
2807.99381044400570000000 1667.96664648793420000000 2881.82867437246300000000 1730.55094925473280000000 2808.53920539028240000000 1803.07444010206500000000 2736.90426295967000000000 1743.42783351009050000000
2565.23300496709400000000 1692.23869629289920000000 2639.48473815398170000000 1752.75204049036530000000 2568.44356332738700000000 1824.15389087122640000000 2493.87922051752300000000 1765.36628546374820000000
2319.42114675489200000000 1712.96257676348500000000 2395.77807840096970000000 1773.59559973371120000000 2326.81847302022100000000 1845.94724999858930000000 2250.43841777289440000000 1785.85510253197410000000
2688.81793864211160000000 1792.71274504075090000000 2760.99745157057350000000 1850.98043559029500000000 2690.94837223471800000000 1922.77755100921970000000 2617.44356702117400000000 1863.38568877808480000000
1525.07180097570520000000 1842.56518445370850000000 1523.43181835142150000000 1744.93466012911520000000 1630.60781509856520000000 1744.83338774968250000000 1631.38170313156750000000 1841.93572945354620000000
1876.63766833651880000000 1841.70803683242930000000 1877.66075614559740000000 1744.88593825196740000000 1982.29366664221700000000 1745.10380094761000000000 1979.51189197408580000000 1841.62700107978840000000
1168.88703968376130000000 1843.34485607339340000000 1164.11964367353200000000 1745.21699354297310000000 1272.63811865488650000000 1745.13767227747710000000 1276.58078086523500000000 1842.19462477649540000000
1347.91428289663000000000 1842.67821493121940000000 1344.16505767523130000000 1745.67801060296190000000 1452.49227012297900000000 1745.67606249711910000000 1454.21925606577090000000 1843.10759060735560000000
1701.40956841089270000000 1842.16394060502630000000 1700.84165691525700000000 1745.73047397476760000000 1806.70261908703300000000 1745.77776780465800000000 1806.70233351137500000000 1842.28132511705480000000
2446.77210050322260000000 1813.99845270622720000000 2520.54053128592400000000 1871.60468878918730000000 2450.87026764786700000000 1942.67582228609350000000 2377.79684066843500000000 1885.32417025922340000000
2569.97172456907800000000 1910.45833742730700000000 2642.28155635066970000000 1967.29496655358030000000 2573.94425770034150000000 2035.93777451751880000000 2501.32347031091060000000 1980.14349153841980000000
1701.84604803688200000000 1998.64495128949900000000 1701.44128506579500000000 1907.63141085999600000000 1806.17133731619060000000 1906.70046843026000000000 1805.99319498690600000000 1998.00257047092850000000
1874.77224420551850000000 1997.65873557340980000000 1875.85879232828000000000 1906.57238089634940000000 1978.64101498756490000000 1905.89122162140370000000 1976.25592794155890000000 1999.07140801421090000000
1528.11900303379910000000 2000.21595496289960000000 1525.97827711369810000000 1907.49339398368060000000 1631.42898090138260000000 1906.59011395649100000000 1633.21281617936300000000 1998.90376275709380000000
1177.09675772697910000000 2002.42916101419720000000 1172.05034647589330000000 1907.75727003612930000000 1278.91304814160730000000 1907.08590135594930000000 1282.86491502143960000000 2002.20216597031460000000
1353.02909794087030000000 2002.34514349306050000000 1349.71908207308660000000 1907.70971028749730000000 1455.68865711629040000000 1907.04514543746360000000 1458.43554834472980000000 2001.15914332752280000000
1702.58457581672810000000 2147.18541214403200000000 1702.35808014210350000000 2058.45303144168160000000 1805.56260723879750000000 2058.04186508482870000000 1804.66214848259480000000 2147.87775463338130000000
1531.37260400480390000000 2150.39065780479540000000 1529.46234919252790000000 2059.40739931521470000000 1634.20820555169300000000 2057.61481992636440000000 1634.73423111621670000000 2148.20813135121900000000
1872.53064805777200000000 2148.94200511871350000000 1873.93583604276100000000 2057.79177389623370000000 1974.88967429351300000000 2059.36951986128860000000 1972.94437678153170000000 2149.89590950882030000000
1359.43322076640970000000 2152.46413925462500000000 1355.95187522702280000000 2062.31164388988830000000 1460.97169138647560000000 2060.13625936981900000000 1462.97334976112440000000 2151.40952649398400000000
1183.86787348002300000000 2160.83623691051200000000 1180.42251224402050000000 2064.36887261075800000000 1287.32277366360450000000 2062.18498756664940000000 1289.64849827737680000000 2155.12408873572530000000
