# list of hand selected 2D points
SETS
1182.20086137927270000000 379.66669107689710000000 1201.10492468097460000000 283.90851468588534000000 1297.47273996472040000000 313.00368852900660000000 1277.36701394508600000000 408.00764137878025000000
1341.74141915532530000000 427.15911951710110000000 1362.85605264987270000000 332.12216042932664000000 1456.21406621827990000000 360.46340143204213000000 1435.18144153610000000000 455.62557323578820000000
1498.16592664820130000000 474.74920489321470000000 1520.61517045072740000000 380.75891568209124000000 1612.04140767887320000000 408.06766724022657000000 1589.53805009099280000000 501.86169638259020000000
1651.18939420105430000000 520.13099030053790000000 1674.99857994779090000000 427.74829144182456000000 1765.01192588200890000000 455.74469256087934000000 1740.64689381775520000000 546.96301464097000000000
1148.69020402475530000000 538.04183754109720000000 1168.40654064491700000000 444.33121108367330000000 1263.58247004238900000000 472.14363922911764000000 1242.55749531123230000000 565.19668339361330000000
1801.16484843697200000000 565.04542669031430000000 1826.12131924489380000000 473.74158542611150000000 1913.32027869685500000000 501.09825100177306000000 1888.31022043295370000000 590.78612069631340000000
1306.22130800746850000000 583.83367637945670000000 1326.87779960918780000000 491.25602257139320000000 1419.50061279851800000000 518.85301928961930000000 1398.79026103577550000000 610.57685404913100000000
1460.80209736292140000000 628.54771983937390000000 1482.83258987938830000000 537.87590503120650000000 1573.65915879989640000000 564.02641650717980000000 1551.02116462806020000000 655.05713026388650000000
1611.96058910903410000000 672.27521008820540000000 1635.01257454893000000000 582.36058188436470000000 1724.23299392674630000000 609.01882206466770000000 1700.66566065582510000000 697.90105281583490000000
1116.45111622361290000000 691.62399825698090000000 1135.46323571408950000000 600.65368265391930000000 1229.45189253882380000000 626.44015087973200000000 1209.43502975744700000000 717.29537986270040000000
1760.38132183061430000000 715.00018686804730000000 1784.52690400474900000000 626.60485730171750000000 1871.13635013015260000000 651.57290522479420000000 1846.56336023042450000000 739.70833560454430000000
1272.18730376173100000000 734.93941941381400000000 1292.26540780353430000000 645.37052944217360000000 1384.35382659885540000000 670.67000985045880000000 1363.49133453186820000000 760.36097721523860000000
2328.47190746876100000000 707.07135380425450000000 2390.92377455184200000000 763.41337143789680000000 2331.30775915950930000000 830.25443573305960000000 2268.59010220996500000000 774.51173261622580000000
1424.74765133416050000000 777.35652379687530000000 1446.12182478045800000000 688.99209435446330000000 1535.50344397047930000000 714.71840408276760000000 1514.17410887753680000000 801.53535603762790000000
1573.84207671067570000000 818.33908931913380000000 1596.31622503564430000000 732.31565524514680000000 1685.08575216770990000000 757.80722697510930000000 1661.38411318751380000000 843.30353489424910000000
2432.74002758720960000000 801.07703051711700000000 2493.58887112342150000000 855.96760391979030000000 2435.16190460536250000000 922.26821091981720000000 2373.86652204866500000000 868.01854112244530000000
1085.07251939770840000000 840.05651930306090000000 1103.67669282652130000000 751.66781469582670000000 1196.68759909177580000000 777.17395284726990000000 1176.73441380699340000000 864.67906318739710000000
2228.58191307967760000000 820.82082872703100000000 2291.64836634962560000000 876.16547280298180000000 2233.83021548779650000000 942.10684462116050000000 2170.59522626547460000000 888.05013177219450000000
1720.37176592541370000000 859.74837585833040000000 1744.08399394807540000000 774.27644185407670000000 1829.90473692630260000000 799.13122718813000000000 1805.60435178291280000000 882.79809903437320000000
1238.89281778382860000000 881.20065601542580000000 1258.55001635594340000000 794.31343085751080000000 1349.69944165357040000000 818.43923313994180000000 1328.95448347475120000000 905.21979733639960000000
1389.58562343114900000000 921.20440825077660000000 1410.36818560918850000000 835.49725327272130000000 1498.80666600447830000000 859.85516476935630000000 1477.74651371134770000000 944.38103741756000000000
2534.13516244349380000000 892.50389307495870000000 2593.05919481075800000000 945.90145284356190000000 2534.94573448508530000000 1010.76077226530560000000 2475.94114977323120000000 958.30015589546880000000
2334.09046066246300000000 912.94874677331780000000 2395.60619258376250000000 967.04321261050090000000 2337.55209673772240000000 1031.18288183389880000000 2275.52128698054500000000 977.92527514462130000000
1536.90958050661450000000 960.01969259071380000000 1558.69831771809530000000 875.66167892415900000000 1645.16483787931090000000 899.46733477117890000000 1623.52807539066230000000 982.64396407863610000000
2131.50980516915900000000 933.08782239122820000000 2194.44296262343550000000 986.33260439430830000000 2137.59883792404400000000 1051.45758598405200000000 2074.34471631819860000000 999.42540825450060000000
1681.68065663972700000000 997.91810586301650000000 1704.44819952400850000000 915.76523775987820000000 1788.57528639912180000000 937.07675243428470000000 1765.79656804224530000000 1020.25577184088040000000
2632.70328155184800000000 981.43799223507640000000 2692.10102450849440000000 1035.20310980358180000000 2633.35121770839100000000 1097.90937239730800000000 2574.88684026090280000000 1045.97363290096720000000
2436.58330838729400000000 1002.27635462710790000000 2496.01896422420700000000 1054.55907303563050000000 2438.24038113089640000000 1117.51562029420940000000 2378.95487787874570000000 1066.99337463620200000000
2236.59178597435950000000 1021.78690371080480000000 2298.77388601099160000000 1075.01761090838070000000 2242.31950169200170000000 1138.32467972783200000000 2179.76988756943270000000 1087.03700045795680000000
2035.97769396220310000000 1043.69046601846250000000 2099.16787529423500000000 1095.54730672007400000000 2042.45403943065730000000 1159.11518691760330000000 1979.91050711777440000000 1108.76031047707700000000
2535.96477734574640000000 1089.39309087629820000000 2594.26066597785030000000 1140.51092093191160000000 2538.47469882044740000000 1203.23607387600420000000 2478.62883318064800000000 1152.23219609947200000000
2340.46463042252160000000 1110.28810714238100000000 2399.91830982482500000000 1160.30034341241300000000 2344.33435751032360000000 1223.66454146724620000000 2283.81401006802100000000 1173.73879045959170000000
2141.54356212666000000000 1130.04957870918220000000 2203.53488938386140000000 1181.43692337926750000000 2147.46853604352740000000 1243.21309881911070000000 2085.42035070470050000000 1193.47900975541230000000
1942.25842092855030000000 1152.75747724767940000000 2005.52320830661570000000 1202.21933699689000000000 1950.61015600612520000000 1264.58914160261950000000 1887.66385306507620000000 1216.67133089781990000000
1690.01621661733900000000 1212.13940852847960000000 1689.79299274874200000000 1130.00021134978920000000 1775.44649390473300000000 1130.67916422326580000000 1775.04996481227480000000 1211.56763747887730000000
1544.97183759991910000000 1213.67139693935180000000 1543.56034448092420000000 1130.90145296589370000000 1630.73876556392840000000 1130.35821454121580000000 1631.84085075333250000000 1212.42096543898450000000
1398.37604182309600000000 1214.56867239474300000000 1395.43688618792480000000 1131.70540515866580000000 1484.73083487183270000000 1131.55459980569280000000 1486.43416934415430000000 1213.91640421465920000000
1100.01094823743370000000 1216.55229568262170000000 1093.15233315818110000000 1134.45543631986800000000 1185.47593192577160000000 1133.61091445367740000000 1190.09592957274980000000 1215.82440454536230000000
1250.21874045295160000000 1215.65530537816200000000 1245.59897082757300000000 1132.58736067439650000000 1336.64230032979300000000 1132.04662934033400000000 1339.00007262227380000000 1215.38169831318080000000
2440.16244203483170000000 1194.39917021634300000000 2499.55800716932750000000 1245.19000035713450000000 2442.74418664843600000000 1305.67006055696080000000 2384.30546927089900000000 1257.10118055712000000000
2245.59890391965560000000 1216.29595399145550000000 2306.11177164508260000000 1265.69794701573460000000 2250.08031361288700000000 1325.85641161184940000000 2189.46461887033300000000 1277.60759253151290000000
2047.96683738217480000000 1235.81683017766430000000 2110.19297561727670000000 1285.66534717167840000000 2056.09155849744400000000 1346.24746726546640000000 1993.44993210096870000000 1297.43906415851620000000
2346.51347676514000000000 1298.51260012792270000000 2405.11740077409700000000 1346.28799462066740000000 2350.11557991839660000000 1406.25782428992500000000 2290.35854128202800000000 1358.05211292472310000000
1690.52462846208030000000 1347.34303336994180000000 1690.10626736508500000000 1266.57243024941360000000 1774.07480795150670000000 1266.31319286393570000000 1774.10190735757700000000 1346.25301728632600000000
2152.13801891994670000000 1318.79149765887800000000 2212.33543539587200000000 1366.18844062813700000000 2157.27708324096970000000 1425.51053949853530000000 2097.60010612836700000000 1379.07396871629570000000
1547.33857756859080000000 1349.26947712442030000000 1545.99101686813360000000 1268.57520362574560000000 1632.42267851433800000000 1267.90046129916910000000 1633.24337681972820000000 1348.12318024977460000000
1403.01895489917180000000 1351.19798438416180000000 1400.17487419620740000000 1269.48037567955540000000 1488.99691686608140000000 1268.36587952594200000000 1489.71827596901240000000 1349.68956039122650000000
1257.27413113991520000000 1353.17361386799440000000 1252.92836913104090000000 1271.58043696310620000000 1341.83823074071170000000 1271.03023785312670000000 1344.59704364368240000000 1352.15284402828120000000
1108.89146130551380000000 1355.26668787766180000000 1103.67441862920030000000 1272.56171999149180000000 1193.20581795608000000000 1271.56543007900200000000 1198.02761805168480000000 1353.55817199005790000000
2252.74488093464560000000 1398.05545753489950000000 2311.66292047682330000000 1444.65208268842460000000 2258.18980473057040000000 1502.48770464738940000000 2198.52580841073950000000 1456.85117860726090000000
1690.74195636744160000000 1477.61958157694700000000 1690.65154599377620000000 1401.26229462002680000000 1774.16303221971750000000 1399.70585233051750000000 1773.77785679288800000000 1477.51305317633000000000
1549.81973469669010000000 1480.56360090580530000000 1548.54911059087660000000 1403.47433342882660000000 1634.31839533528930000000 1402.65569504373250000000 1634.70970309960830000000 1478.63543889582600000000
1407.16620344560060000000 1483.80694417642580000000 1404.74738809362400000000 1405.69040721287390000000 1490.54448292209500000000 1403.34736174749860000000 1493.41927890178320000000 1481.51882298297850000000
1263.43658398520670000000 1486.97163081164260000000 1259.57549831427580000000 1407.69241347153500000000 1346.36274430756600000000 1405.09329926818620000000 1349.98766635806210000000 1485.00993364439680000000
1117.86133842898770000000 1489.34288719283090000000 1112.52275427966790000000 1409.39616006345050000000 1201.26783141597230000000 1408.27365267734260000000 1204.98053006327950000000 1487.98056642214850000000
1691.27545789204300000000 1604.51856764746460000000 1690.86501139258670000000 1528.27732539172370000000 1773.06454499855570000000 1527.92281114632210000000 1772.87481369775790000000 1603.48280624720200000000
1551.88323465505640000000 1605.51938665903870000000 1550.70850313908430000000 1530.87636353794400000000 1635.17138894992400000000 1529.02288931814040000000 1635.60435023748200000000 1604.79447148174880000000
1411.90596238036500000000 1610.34513757808850000000 1409.27998769687520000000 1533.58358306069730000000 1494.06656704980080000000 1531.81882398520450000000 1496.45240935930400000000 1607.24074772176000000000
1270.06872106350990000000 1614.15190683136710000000 1266.20569026999210000000 1537.99983154013330000000 1352.67552595862250000000 1534.82943276798940000000 1355.25570557813280000000 1611.99761030223600000000
1125.71006757977780000000 1621.87259589122000000000 1121.12935855242970000000 1541.40325241031970000000 1208.79012947959450000000 1539.28096444540460000000 1212.63921734293900000000 1616.89715203960420000000
