# list of hand selected 2D points
SETS
1055.02279457739750000000 253.53427174582570000000 1104.08447071628460000000 64.39312851510750000000 1291.89064759764900000000 132.45535834467265000000 1241.70995911199380000000 317.45431084410734000000
1365.80703887509160000000 359.55930055105614000000 1415.51183196691570000000 177.62992249161275000000 1594.02272350907290000000 241.85054417631866000000 1545.46820824890690000000 420.38995221457577000000
1664.17750089183300000000 461.64145465861986000000 1713.60532647185690000000 284.57270063614850000000 1883.47142637747740000000 345.33034928347513000000 1835.36546527433980000000 521.02517127006460000000
971.19036049538770000000 559.87654229901100000000 1021.06741338901260000000 377.42854562589610000000 1208.00892657937040000000 439.79917331897104000000 1158.67129854751920000000 619.26472162970600000000
1948.31170053464500000000 560.45758271936390000000 1997.99704581384620000000 386.76105015319740000000 2160.46171287292650000000 446.82971061696117000000 2112.38473901732820000000 617.23732132016580000000
1283.33826688438760000000 658.92744542556490000000 1332.38285603820760000000 479.89632180787964000000 1512.58562094143830000000 539.84055314846300000000 1463.79198077002640000000 716.90370505614680000000
2221.49469689958050000000 654.54385575297610000000 2269.55017064731500000000 485.88130565468146000000 2427.01305487150060000000 542.81145887667510000000 2378.43474506750000000000 707.82645273081930000000
1582.67520476950840000000 754.93823730051620000000 1631.57698155268850000000 579.51537338384900000000 1803.26052259084260000000 637.68086193541730000000 1755.39701217892570000000 809.22038089128960000000
1869.12176259235340000000 845.76239948295550000000 1916.06251515328000000000 675.89357398044810000000 2081.96170078566900000000 732.02602513764500000000 2034.14955676668070000000 899.10743384271560000000
888.50881209799700000000 863.89936225251020000000 937.67233089553440000000 682.05529373276600000000 1125.93186909597920000000 740.64515892005080000000 1076.93905539574440000000 919.31363330240900000000
2143.74960922803700000000 934.04248705799720000000 2190.56871357759900000000 767.27312794447230000000 2347.54179222322640000000 819.87157568820690000000 2302.21748001765600000000 983.79141853064780000000
1201.64106846263280000000 956.48264480340250000000 1250.47480767830370000000 778.78420198925370000000 1430.78365742276000000000 835.38043163148610000000 1382.42496066883220000000 1010.28133297552590000000
3135.66908224509000000000 941.89466660051570000000 3240.41807395358300000000 1046.78602853670210000000 3142.67082030267100000000 1170.09136664313660000000 3034.94793747179440000000 1065.47589299774360000000
1501.25225825730200000000 1045.49179436364740000000 1549.77216078717670000000 872.21199793878180000000 1722.04685670419600000000 924.94122301794310000000 1673.36244096110450000000 1096.42332846922610000000
1787.25986161662380000000 1130.18579729260340000000 1836.55092211687000000000 960.49574940819760000000 2003.89739604837380000000 1012.60594412304660000000 1954.31282043383130000000 1179.99992686065900000000
806.57378607064490000000 1164.83060109654870000000 855.57297644588200000000 984.57425402993300000000 1044.97615277792580000000 1039.21936418322100000000 995.15447235175940000000 1216.05963266790100000000
3309.51272764199700000000 1115.77882663535960000000 3409.86027748579800000000 1217.25867035525880000000 3318.20407293942530000000 1337.92506324938020000000 3215.12065077210450000000 1237.62393282011820000000
2967.79711770547960000000 1149.49805414854380000000 3077.31460138450850000000 1252.26693893904940000000 2977.31275695390800000000 1376.90175300398850000000 2869.25851343164640000000 1274.26373657797280000000
2064.13021581213160000000 1212.45732175548400000000 2112.15637014895400000000 1046.10204165876370000000 2271.64746841574560000000 1094.90903972387350000000 2221.85257291321930000000 1259.01120052859500000000
1120.59851884862750000000 1250.50521835177100000000 1169.03400115996200000000 1074.60133317240520000000 1349.84998423354640000000 1126.56500202989790000000 1301.50735690875040000000 1300.05533277072620000000
1420.72186604102650000000 1332.57827465030640000000 1468.52167863155820000000 1160.91318108293000000000 1640.25043510510200000000 1209.98869302128830000000 1593.85150941789020000000 1379.97072301498680000000
3475.86897812825550000000 1284.07067246995920000000 3571.09099402372300000000 1381.11672211562590000000 3483.15225169964900000000 1500.07228283906350000000 3384.94791807487040000000 1404.33329047583360000000
3149.54586057728870000000 1320.44558533319830000000 3254.60894625855050000000 1419.88728302237020000000 3158.14761840650600000000 1542.09329965100960000000 3049.59666282278250000000 1443.05160569314740000000
1708.12007728251250000000 1411.11302104341500000000 1754.74956063768330000000 1243.10813643920350000000 1919.47516351064950000000 1291.11138955799060000000 1873.89963067956300000000 1456.82211681876290000000
2802.60797024344300000000 1358.49977934350430000000 2911.45665341303200000000 1459.32597937407000000000 2813.06315326495770000000 1586.64738810669430000000 2702.34655063814350000000 1485.22977210462300000000
1983.34158589424560000000 1486.66706458302310000000 2030.97227817231780000000 1322.94233018540580000000 2185.72652639129300000000 1366.99300906511830000000 2141.54965552985800000000 1529.59685527904680000000
3634.70203012183540000000 1445.68718397072140000000 3735.43953726824250000000 1540.68038491831160000000 3641.73653895022800000000 1659.97556675398350000000 3546.63942229065600000000 1564.07962313097480000000
3322.25025455586500000000 1485.69513419072310000000 3420.50023049087080000000 1580.90882033380220000000 3327.00410818587350000000 1701.89778698880900000000 3229.35958157023650000000 1607.33433176878570000000
2983.60224166084840000000 1525.63875743634460000000 3093.65286605028770000000 1624.13501371736970000000 2995.82897328538100000000 1748.86647714423090000000 2886.78847144256950000000 1650.78982840542180000000
2634.58394323894070000000 1570.46399915064560000000 2746.42800829579700000000 1669.40001537460100000000 2645.08134152466070000000 1795.62447428871900000000 2533.46450908563700000000 1698.50220029502750000000
3486.25135351701150000000 1644.25714601906070000000 3583.15915686579100000000 1737.21386016426600000000 3496.61642193222270000000 1856.98841167454200000000 3394.45370600660300000000 1763.97123618714300000000
3165.56140468140170000000 1688.86586613941600000000 3264.71003615276050000000 1782.18668005260090000000 3173.76190043792350000000 1907.03804543650720000000 3070.05398743303930000000 1812.27955835585540000000
2820.40541684896100000000 1734.51633277158750000000 2930.09767545658270000000 1830.79330179615500000000 2831.60941929044500000000 1955.36728485894000000000 2720.91424643942000000000 1860.24707769872750000000
2465.58894698449830000000 1785.46250730874890000000 2578.24762594424060000000 1881.19668694621120000000 2477.27922200041760000000 2007.81489363128940000000 2364.23451279313760000000 1914.72110719876330000000
3332.11595388444400000000 1844.41725290217760000000 3435.32558474084450000000 1936.85721397038360000000 3341.46052671238200000000 2055.65434535894800000000 3241.95353733554570000000 1966.68864200949950000000
1990.06862914579070000000 1916.41461775822100000000 1993.59154111854970000000 1749.65829409442520000000 2157.59182402955460000000 1747.04619225487390000000 2152.03150880236100000000 1911.35791244374540000000
1708.53408408496420000000 1926.63998434371050000000 1710.39297477309630000000 1756.83517516979030000000 1880.88772527744640000000 1752.85498669085600000000 1878.33648373606230000000 1920.13310759158750000000
1416.16029263702940000000 1935.83841495107750000000 1416.63391188801170000000 1763.33354146861480000000 1593.95609916408780000000 1759.15253089106680000000 1593.18138674022700000000 1930.28143114469530000000
1111.65545237972700000000 1946.17410977244190000000 1110.19357574425070000000 1770.45973998880530000000 1295.76667329886460000000 1765.71120926684530000000 1295.71824137626640000000 1940.46808124013110000000
794.61094636134960000000 1956.08399469293480000000 789.77634399116560000000 1779.43846083822930000000 984.41646072286000000000 1773.94444993797630000000 985.96823728723010000000 1949.95816508751200000000
3005.09219111112360000000 1895.34308655484940000000 3110.34356244294700000000 1987.61961845561150000000 3012.61007372498800000000 2109.42848042693000000000 2906.32406029686300000000 2018.17937284572780000000
2653.87361986516130000000 1944.90189624109260000000 2765.59361486019270000000 2038.94671874762180000000 2666.73118201998070000000 2163.28206027994570000000 2553.23963221751860000000 2070.25811604064000000000
3178.82960639578960000000 2048.19276600061800000000 3278.26889689287300000000 2136.28622908090030000000 3185.40436397390900000000 2257.19941327457700000000 3081.48054799421240000000 2168.29144736587840000000
2840.02074655485970000000 2101.05952219453000000000 2945.48800655150440000000 2190.24433061607120000000 2848.77352295049650000000 2312.14031480508700000000 2741.86607298558400000000 2224.70703289353500000000
1986.11508048001660000000 2192.33525013248440000000 1987.85202927019420000000 2027.07886139785520000000 2147.00898865773340000000 2021.09895487521230000000 2146.43165693792000000000 2183.95924980217660000000
1706.09518973925500000000 2207.21689076858460000000 1707.56179761828820000000 2040.06137724269840000000 1875.92727062386850000000 2031.78294116245870000000 1875.34481599374820000000 2198.38916945978400000000
1415.50456654477440000000 2222.59957035431170000000 1415.58771751278820000000 2050.62944849682750000000 1591.92365160978300000000 2043.23469231989180000000 1591.65793248961630000000 2213.10484233270650000000
1113.27765816774440000000 2238.32680290452900000000 1112.38440626020520000000 2064.27417754071030000000 1295.39619727317900000000 2056.32563342945240000000 1296.30167849834560000000 2229.41922075720600000000
798.69525857573330000000 2254.78184864484900000000 796.31976940349070000000 2076.14718163536370000000 987.04296933591660000000 2069.48144052170160000000 988.89483196130910000000 2244.07274955873500000000
1981.59305926426960000000 2463.01740926592500000000 1985.75971230805160000000 2303.15807556388300000000 2145.39051274805070000000 2293.19216046792640000000 2142.59165781179040000000 2453.89975287645350000000
1703.63976231828860000000 2483.36496235302300000000 1706.31621047347680000000 2320.74802663859900000000 1875.21212173087160000000 2309.83330049421740000000 1871.74946142970070000000 2470.80819055399100000000
1415.12403662935230000000 2504.81508586135760000000 1415.57086470132340000000 2337.71430640404200000000 1592.08319057342670000000 2325.93435046463360000000 1590.12636953173700000000 2491.21501049710150000000
1115.42401978611470000000 2527.30545886000350000000 1113.96070011539380000000 2355.32283812038700000000 1296.49249500735100000000 2344.17644681537800000000 1296.81450392513400000000 2514.07872623111100000000
803.57461820653520000000 2547.64261505273800000000 800.31780234407610000000 2372.72861308708100000000 990.43135564126660000000 2361.42322649521160000000 991.86056693722660000000 2535.43440536765870000000
1977.49963300115400000000 2728.87405482478300000000 1979.15314890218340000000 2568.64235172271450000000 2135.80617862130400000000 2558.82093353203530000000 2137.22743342227600000000 2716.87950056939300000000
1700.13964843491320000000 2749.21927302425400000000 1701.94727132324300000000 2590.18993483614350000000 1869.41465455807700000000 2577.07773804923730000000 1867.44350939270230000000 2736.79996918310600000000
1414.68922706001290000000 2777.10703440870250000000 1414.46311773664500000000 2612.36014347364330000000 1588.26810873705900000000 2597.90174113845840000000 1587.69984667532900000000 2759.96312327759640000000
1118.51659548914720000000 2803.61427555195040000000 1116.50317839935970000000 2637.93132072377240000000 1296.93741530825200000000 2622.78945421246950000000 1297.58198341951920000000 2788.03056140139370000000
807.60905758460460000000 2841.74557776406350000000 805.49232690571630000000 2662.62261220431000000000 994.98102672366710000000 2647.27928817290600000000 995.69965002199570000000 2817.52687878001000000000
3015.00000000000000000000 2249.00000000000000000000 3118.00000000000000000000 2334.00000000000000000000 3028.00000000000000000000 2457.00000000000000000000 2922.00000000000000000000 2371.00000000000000000000
